dataset_dir dataset
image_dir resize_image
Load model ...
pred_load_jpg
tf.Tensor(
[[[[158. 163. 167.]
   [157. 162. 166.]
   [157. 165. 168.]
   ...
   [173. 184. 190.]
   [169. 184. 191.]
   [168. 187. 194.]]

  [[156. 161. 165.]
   [159. 164. 168.]
   [158. 163. 167.]
   ...
   [171. 184. 190.]
   [170. 185. 192.]
   [169. 186. 194.]]

  [[158. 163. 167.]
   [159. 164. 168.]
   [157. 162. 166.]
   ...
   [168. 181. 187.]
   [170. 183. 191.]
   [173. 186. 194.]]

  ...

  [[131.  23.  23.]
   [133.  25.  25.]
   [129.  20.  25.]
   ...
   [255. 100.  95.]
   [255. 100.  95.]
   [254. 101.  96.]]

  [[133.  25.  25.]
   [131.  22.  25.]
   [129.  20.  25.]
   ...
   [254. 100.  92.]
   [255. 103.  97.]
   [255. 106. 100.]]

  [[131.  26.  23.]
   [129.  23.  23.]
   [129.  23.  25.]
   ...
   [255. 101.  93.]
   [253. 100.  94.]
   [255. 102.  96.]]]], shape=(1, 224, 224, 3), dtype=float32)
pred_no_load_img
tf.Tensor(
[[[[157. 163. 167.]
   [157. 163. 166.]
   [158. 165. 167.]
   ...
   [175. 184. 192.]
   [168. 184. 190.]
   [170. 185. 194.]]

  [[156. 162. 169.]
   [157. 163. 169.]
   [157. 163. 168.]
   ...
   [170. 184. 191.]
   [168. 185. 189.]
   [171. 186. 192.]]

  [[157. 163. 169.]
   [158. 164. 169.]
   [156. 162. 167.]
   ...
   [169. 182. 188.]
   [168. 183. 190.]
   [171. 185. 192.]]

  ...

  [[131.  23.  20.]
   [132.  23.  26.]
   [130.  20.  27.]
   ...
   [255.  99.  90.]
   [255. 102.  93.]
   [255. 100.  98.]]

  [[132.  24.  25.]
   [130.  22.  23.]
   [128.  20.  23.]
   ...
   [255. 101.  94.]
   [255. 101.  94.]
   [255. 104. 100.]]

  [[132.  24.  25.]
   [130.  22.  22.]
   [130.  22.  23.]
   ...
   [255. 101.  91.]
   [255. 100.  90.]
   [255. 103.  96.]]]], shape=(1, 224, 224, 3), dtype=float32)
The model predict class 1
pred_load_jpg
tf.Tensor(
[[[[160. 163. 170.]
   [159. 162. 169.]
   [160. 163. 170.]
   ...
   [171. 181. 190.]
   [172. 183. 189.]
   [174. 185. 189.]]

  [[160. 165. 171.]
   [158. 163. 169.]
   [158. 163. 169.]
   ...
   [172. 182. 191.]
   [169. 182. 188.]
   [170. 183. 189.]]

  [[159. 164. 170.]
   [158. 163. 169.]
   [157. 162. 168.]
   ...
   [171. 184. 192.]
   [171. 184. 192.]
   [170. 183. 191.]]

  ...

  [[139.  19.  28.]
   [136.  19.  27.]
   [136.  21.  28.]
   ...
   [255. 108. 101.]
   [254. 107.  99.]
   [255. 109.  99.]]

  [[135.  20.  25.]
   [131.  18.  22.]
   [133.  20.  26.]
   ...
   [252. 107. 104.]
   [254. 106. 102.]
   [255. 106. 100.]]

  [[136.  26.  25.]
   [132.  24.  24.]
   [132.  23.  26.]
   ...
   [252. 104. 102.]
   [254. 105. 101.]
   [253. 101.  96.]]]], shape=(1, 224, 224, 3), dtype=float32)
pred_no_load_img
tf.Tensor(
[[[[158. 164. 169.]
   [158. 162. 168.]
   [160. 163. 168.]
   ...
   [169. 182. 189.]
   [168. 183. 188.]
   [171. 184. 188.]]

  [[158. 164. 169.]
   [155. 162. 166.]
   [157. 163. 168.]
   ...
   [172. 182. 193.]
   [171. 182. 190.]
   [170. 182. 191.]]

  [[158. 164. 169.]
   [156. 162. 165.]
   [156. 162. 167.]
   ...
   [171. 181. 189.]
   [172. 182. 193.]
   [171. 183. 191.]]

  ...

  [[138.  18.  24.]
   [134.  18.  25.]
   [136.  19.  26.]
   ...
   [255. 108. 102.]
   [255. 106. 101.]
   [255. 109. 100.]]

  [[134.  20.  23.]
   [132.  18.  24.]
   [132.  21.  26.]
   ...
   [255. 107. 103.]
   [255. 107.  99.]
   [255. 107.  98.]]

  [[133.  26.  24.]
   [130.  22.  22.]
   [129.  24.  23.]
   ...
   [255. 104. 103.]
   [255. 105. 102.]
   [255. 103.  96.]]]], shape=(1, 224, 224, 3), dtype=float32)
The model predict class 1
pred_load_jpg
tf.Tensor(
[[[[156. 160. 169.]
   [156. 161. 167.]
   [159. 164. 170.]
   ...
   [167. 180. 188.]
   [169. 179. 188.]
   [170. 180. 189.]]

  [[156. 161. 167.]
   [157. 162. 168.]
   [160. 165. 171.]
   ...
   [166. 179. 187.]
   [170. 183. 191.]
   [170. 183. 191.]]

  [[162. 165. 172.]
   [157. 160. 167.]
   [161. 164. 169.]
   ...
   [169. 179. 188.]
   [173. 186. 192.]
   [172. 185. 191.]]

  ...

  [[136.  23.  29.]
   [133.  20.  24.]
   [134.  21.  23.]
   ...
   [255. 117. 114.]
   [255. 117. 114.]
   [255. 114. 112.]]

  [[134.  23.  29.]
   [133.  23.  26.]
   [133.  23.  24.]
   ...
   [255. 115. 114.]
   [255. 115. 113.]
   [255. 112. 111.]]

  [[134.  21.  27.]
   [131.  21.  24.]
   [130.  20.  21.]
   ...
   [255. 114. 113.]
   [255. 112. 111.]
   [255. 111. 110.]]]], shape=(1, 224, 224, 3), dtype=float32)
pred_no_load_img
tf.Tensor(
[[[[155. 161. 166.]
   [156. 162. 167.]
   [157. 163. 167.]
   ...
   [167. 180. 187.]
   [168. 180. 187.]
   [169. 181. 188.]]

  [[156. 162. 167.]
   [155. 161. 166.]
   [159. 165. 170.]
   ...
   [165. 178. 184.]
   [169. 182. 189.]
   [171. 183. 190.]]

  [[159. 162. 168.]
   [157. 161. 167.]
   [161. 163. 169.]
   ...
   [169. 179. 185.]
   [172. 184. 189.]
   [172. 185. 191.]]

  ...

  [[133.  24.  27.]
   [130.  22.  26.]
   [129.  22.  21.]
   ...
   [255. 115. 115.]
   [255. 117. 117.]
   [255. 114. 112.]]

  [[133.  23.  29.]
   [132.  23.  26.]
   [131.  23.  23.]
   ...
   [255. 117. 115.]
   [255. 115. 115.]
   [255. 112. 111.]]

  [[134.  20.  25.]
   [132.  20.  25.]
   [130.  21.  21.]
   ...
   [255. 114. 113.]
   [255. 112. 110.]
   [255. 111. 108.]]]], shape=(1, 224, 224, 3), dtype=float32)
The model predict class 1
pred_load_jpg
tf.Tensor(
[[[[160. 164. 173.]
   [161. 165. 174.]
   [159. 163. 172.]
   ...
   [171. 180. 187.]
   [173. 182. 189.]
   [173. 182. 187.]]

  [[159. 163. 172.]
   [160. 165. 171.]
   [159. 164. 170.]
   ...
   [171. 182. 188.]
   [172. 183. 189.]
   [172. 181. 188.]]

  [[160. 163. 170.]
   [161. 164. 171.]
   [162. 165. 172.]
   ...
   [173. 184. 188.]
   [176. 187. 193.]
   [175. 186. 192.]]

  ...

  [[153.  32.  24.]
   [149.  30.  24.]
   [148.  29.  25.]
   ...
   [249. 109. 108.]
   [251. 109. 107.]
   [255. 113. 112.]]

  [[156.  35.  27.]
   [149.  30.  24.]
   [147.  29.  25.]
   ...
   [255. 115. 114.]
   [255. 115. 113.]
   [255. 109. 109.]]

  [[155.  33.  28.]
   [150.  31.  27.]
   [146.  28.  24.]
   ...
   [255. 115. 114.]
   [255. 112. 111.]
   [254. 108. 108.]]]], shape=(1, 224, 224, 3), dtype=float32)
pred_no_load_img
tf.Tensor(
[[[[160. 163. 171.]
   [160. 164. 171.]
   [158. 164. 169.]
   ...
   [170. 181. 188.]
   [173. 182. 188.]
   [173. 182. 188.]]

  [[160. 163. 171.]
   [160. 164. 171.]
   [158. 165. 169.]
   ...
   [171. 181. 188.]
   [175. 183. 190.]
   [174. 182. 188.]]

  [[159. 163. 171.]
   [161. 164. 172.]
   [161. 164. 172.]
   ...
   [174. 184. 188.]
   [176. 186. 194.]
   [175. 185. 194.]]

  ...

  [[154.  32.  27.]
   [150.  29.  24.]
   [148.  31.  25.]
   ...
   [255. 110. 109.]
   [255. 105. 105.]
   [255. 114. 114.]]

  [[152.  33.  26.]
   [149.  29.  26.]
   [147.  29.  26.]
   ...
   [255. 116. 115.]
   [255. 116. 115.]
   [255. 111. 111.]]

  [[154.  32.  28.]
   [150.  30.  26.]
   [146.  28.  24.]
   ...
   [255. 114. 115.]
   [255. 113. 112.]
   [255. 109. 106.]]]], shape=(1, 224, 224, 3), dtype=float32)
The model predict class 1
pred_load_jpg
tf.Tensor(
[[[[156. 157. 159.]
   [156. 157. 161.]
   [157. 158. 162.]
   ...
   [170. 171. 173.]
   [169. 170. 175.]
   [168. 169. 174.]]

  [[163. 164. 166.]
   [161. 162. 166.]
   [161. 162. 166.]
   ...
   [170. 171. 175.]
   [166. 167. 172.]
   [166. 167. 172.]]

  [[162. 163. 165.]
   [160. 161. 165.]
   [161. 162. 166.]
   ...
   [168. 169. 173.]
   [167. 168. 173.]
   [168. 169. 174.]]

  ...

  [[206.  50.  37.]
   [203.  47.  34.]
   [202.  46.  33.]
   ...
   [254. 158. 169.]
   [255. 158. 169.]
   [255. 157. 169.]]

  [[204.  46.  35.]
   [204.  46.  35.]
   [203.  45.  34.]
   ...
   [255. 167. 177.]
   [255. 165. 176.]
   [255. 165. 176.]]

  [[205.  47.  36.]
   [205.  47.  36.]
   [204.  46.  35.]
   ...
   [254. 168. 179.]
   [255. 168. 177.]
   [255. 168. 177.]]]], shape=(1, 224, 224, 3), dtype=float32)
pred_no_load_img
tf.Tensor(
[[[[158. 158. 160.]
   [156. 158. 160.]
   [157. 158. 162.]
   ...
   [168. 170. 174.]
   [167. 169. 173.]
   [167. 169. 174.]]

  [[162. 162. 165.]
   [159. 161. 164.]
   [160. 161. 166.]
   ...
   [170. 171. 175.]
   [166. 168. 173.]
   [166. 167. 174.]]

  [[162. 162. 165.]
   [159. 161. 165.]
   [160. 162. 166.]
   ...
   [167. 169. 173.]
   [165. 168. 173.]
   [167. 170. 176.]]

  ...

  [[205.  48.  37.]
   [202.  47.  34.]
   [201.  46.  34.]
   ...
   [255. 158. 170.]
   [255. 157. 170.]
   [254. 155. 170.]]

  [[203.  48.  36.]
   [203.  48.  36.]
   [203.  45.  34.]
   ...
   [255. 168. 177.]
   [255. 167. 177.]
   [255. 167. 176.]]

  [[205.  48.  35.]
   [204.  47.  36.]
   [204.  45.  34.]
   ...
   [255. 168. 179.]
   [255. 168. 178.]
   [255. 168. 177.]]]], shape=(1, 224, 224, 3), dtype=float32)
The model predict class 1
pred_load_jpg
tf.Tensor(
[[[[153. 154. 156.]
   [156. 157. 159.]
   [154. 155. 157.]
   ...
   [160. 161. 165.]
   [161. 162. 166.]
   [161. 162. 166.]]

  [[155. 156. 158.]
   [153. 154. 156.]
   [154. 155. 157.]
   ...
   [166. 165. 170.]
   [165. 164. 169.]
   [164. 163. 168.]]

  [[155. 156. 158.]
   [153. 154. 156.]
   [154. 155. 157.]
   ...
   [166. 165. 170.]
   [165. 164. 169.]
   [164. 163. 168.]]

  ...

  [[204.  48.  36.]
   [204.  48.  36.]
   [202.  48.  36.]
   ...
   [ 63.  53.  54.]
   [ 61.  52.  53.]
   [ 62.  56.  56.]]

  [[204.  48.  36.]
   [204.  48.  36.]
   [204.  48.  36.]
   ...
   [ 78.  48.  56.]
   [ 76.  49.  56.]
   [ 76.  51.  57.]]

  [[208.  52.  40.]
   [205.  49.  37.]
   [205.  49.  37.]
   ...
   [153.  75.  97.]
   [145.  72.  92.]
   [138.  69.  88.]]]], shape=(1, 224, 224, 3), dtype=float32)
pred_no_load_img
tf.Tensor(
[[[[152. 154. 156.]
   [154. 156. 158.]
   [153. 155. 157.]
   ...
   [160. 162. 166.]
   [160. 162. 166.]
   [160. 162. 166.]]

  [[153. 155. 157.]
   [153. 155. 157.]
   [153. 155. 157.]
   ...
   [164. 164. 168.]
   [163. 163. 168.]
   [162. 163. 167.]]

  [[153. 155. 157.]
   [152. 154. 156.]
   [154. 156. 158.]
   ...
   [166. 166. 168.]
   [165. 165. 167.]
   [164. 164. 166.]]

  ...

  [[203.  48.  38.]
   [203.  48.  36.]
   [203.  48.  35.]
   ...
   [ 60.  55.  54.]
   [ 61.  55.  55.]
   [ 62.  56.  56.]]

  [[204.  48.  40.]
   [203.  48.  40.]
   [203.  47.  38.]
   ...
   [ 85.  52.  61.]
   [ 83.  52.  60.]
   [ 82.  52.  61.]]

  [[207.  50.  40.]
   [205.  48.  38.]
   [204.  47.  37.]
   ...
   [152.  68.  83.]
   [145.  63.  81.]
   [142.  62.  85.]]]], shape=(1, 224, 224, 3), dtype=float32)
The model predict class 1
pred_load_jpg
tf.Tensor(
[[[[148. 149. 151.]
   [149. 150. 152.]
   [149. 150. 152.]
   ...
   [160. 158. 163.]
   [159. 157. 162.]
   [159. 157. 162.]]

  [[150. 151. 153.]
   [150. 151. 153.]
   [148. 149. 151.]
   ...
   [158. 157. 162.]
   [157. 156. 161.]
   [158. 157. 162.]]

  [[151. 152. 154.]
   [150. 151. 153.]
   [148. 149. 151.]
   ...
   [157. 156. 161.]
   [156. 155. 160.]
   [157. 156. 161.]]

  ...

  [[193.  43.  19.]
   [196.  44.  21.]
   [201.  49.  26.]
   ...
   [254. 124. 134.]
   [253. 123. 135.]
   [255. 128. 141.]]

  [[194.  44.  20.]
   [195.  45.  21.]
   [200.  50.  26.]
   ...
   [254. 120. 129.]
   [254. 120. 129.]
   [255. 124. 135.]]

  [[192.  43.  19.]
   [196.  46.  22.]
   [201.  51.  27.]
   ...
   [255. 118. 126.]
   [255. 118. 126.]
   [255. 117. 124.]]]], shape=(1, 224, 224, 3), dtype=float32)
pred_no_load_img
tf.Tensor(
[[[[147. 149. 151.]
   [149. 151. 152.]
   [147. 149. 151.]
   ...
   [159. 159. 161.]
   [159. 158. 160.]
   [159. 158. 160.]]

  [[149. 151. 152.]
   [148. 150. 152.]
   [147. 149. 151.]
   ...
   [159. 157. 161.]
   [158. 156. 160.]
   [159. 157. 161.]]

  [[149. 151. 152.]
   [149. 151. 152.]
   [147. 149. 151.]
   ...
   [157. 156. 163.]
   [156. 155. 161.]
   [158. 157. 162.]]

  ...

  [[193.  40.  19.]
   [194.  45.  20.]
   [200.  49.  27.]
   ...
   [255. 124. 135.]
   [255. 122. 134.]
   [255. 130. 143.]]

  [[193.  44.  21.]
   [193.  45.  21.]
   [198.  49.  25.]
   ...
   [255. 118. 125.]
   [255. 120. 127.]
   [255. 122. 131.]]

  [[192.  43.  20.]
   [194.  46.  22.]
   [200.  52.  27.]
   ...
   [255. 118. 127.]
   [255. 118. 126.]
   [255. 117. 124.]]]], shape=(1, 224, 224, 3), dtype=float32)
The model predict class 1
pred_load_jpg
tf.Tensor(
[[[[151. 152. 154.]
   [150. 151. 153.]
   [148. 149. 151.]
   ...
   [162. 157. 163.]
   [161. 156. 162.]
   [159. 154. 160.]]

  [[151. 152. 154.]
   [149. 150. 152.]
   [152. 153. 155.]
   ...
   [159. 157. 162.]
   [158. 156. 161.]
   [157. 155. 160.]]

  [[151. 152. 154.]
   [150. 151. 153.]
   [152. 153. 155.]
   ...
   [158. 157. 162.]
   [158. 157. 162.]
   [157. 156. 161.]]

  ...

  [[194.  43.  22.]
   [198.  47.  26.]
   [200.  49.  28.]
   ...
   [254. 117. 127.]
   [253. 117. 127.]
   [254. 118. 128.]]

  [[187.  36.  15.]
   [196.  45.  24.]
   [200.  49.  28.]
   ...
   [255. 115. 126.]
   [253. 116. 126.]
   [253. 116. 126.]]

  [[188.  37.  16.]
   [194.  45.  23.]
   [197.  48.  26.]
   ...
   [255. 115. 126.]
   [253. 116. 126.]
   [255. 115. 126.]]]], shape=(1, 224, 224, 3), dtype=float32)
pred_no_load_img
tf.Tensor(
[[[[149. 151. 152.]
   [149. 151. 152.]
   [147. 149. 151.]
   ...
   [157. 159. 160.]
   [159. 156. 161.]
   [158. 154. 160.]]

  [[149. 151. 152.]
   [149. 151. 152.]
   [149. 150. 152.]
   ...
   [156. 158. 160.]
   [158. 155. 161.]
   [158. 154. 160.]]

  [[149. 151. 152.]
   [149. 151. 152.]
   [150. 152. 153.]
   ...
   [158. 158. 160.]
   [158. 158. 160.]
   [157. 157. 159.]]

  ...

  [[193.  41.  17.]
   [195.  46.  21.]
   [200.  49.  27.]
   ...
   [255. 117. 129.]
   [255. 116. 126.]
   [255. 118. 128.]]

  [[188.  37.  15.]
   [190.  42.  18.]
   [200.  52.  29.]
   ...
   [255. 116. 128.]
   [255. 116. 129.]
   [255. 115. 126.]]

  [[188.  38.  20.]
   [192.  43.  24.]
   [196.  48.  25.]
   ...
   [255. 114. 127.]
   [255. 115. 126.]
   [255. 114. 125.]]]], shape=(1, 224, 224, 3), dtype=float32)
The model predict class 1
pred_load_jpg
tf.Tensor(
[[[[145. 146. 148.]
   [146. 147. 149.]
   [146. 147. 149.]
   ...
   [157. 157. 159.]
   [156. 156. 158.]
   [156. 154. 157.]]

  [[147. 148. 150.]
   [147. 148. 150.]
   [147. 148. 150.]
   ...
   [155. 155. 157.]
   [156. 156. 158.]
   [157. 155. 158.]]

  [[147. 148. 150.]
   [147. 148. 150.]
   [147. 148. 150.]
   ...
   [156. 156. 158.]
   [156. 156. 158.]
   [158. 156. 159.]]

  ...

  [[198.  47.  26.]
   [205.  53.  32.]
   [207.  55.  34.]
   ...
   [254. 120. 131.]
   [255. 122. 133.]
   [254. 122. 133.]]

  [[193.  44.  20.]
   [203.  53.  29.]
   [206.  54.  31.]
   ...
   [253. 116. 126.]
   [254. 117. 127.]
   [254. 117. 125.]]

  [[194.  45.  21.]
   [199.  49.  25.]
   [202.  52.  28.]
   ...
   [255. 109. 117.]
   [255. 110. 117.]
   [255. 111. 116.]]]], shape=(1, 224, 224, 3), dtype=float32)
pred_no_load_img
tf.Tensor(
[[[[145. 147. 147.]
   [145. 147. 147.]
   [146. 148. 149.]
   ...
   [157. 156. 159.]
   [156. 155. 157.]
   [155. 154. 157.]]

  [[145. 147. 149.]
   [145. 147. 149.]
   [145. 147. 149.]
   ...
   [158. 155. 158.]
   [157. 155. 158.]
   [157. 154. 157.]]

  [[145. 147. 149.]
   [145. 147. 149.]
   [146. 148. 150.]
   ...
   [156. 154. 157.]
   [158. 155. 158.]
   [158. 156. 158.]]

  ...

  [[196.  47.  26.]
   [204.  53.  31.]
   [206.  52.  31.]
   ...
   [255. 119. 129.]
   [255. 122. 132.]
   [255. 121. 131.]]

  [[194.  44.  22.]
   [201.  50.  27.]
   [206.  51.  30.]
   ...
   [255. 113. 125.]
   [255. 115. 125.]
   [255. 115. 124.]]

  [[193.  45.  22.]
   [197.  50.  24.]
   [203.  50.  27.]
   ...
   [255. 111. 113.]
   [255. 112. 114.]
   [255. 113. 114.]]]], shape=(1, 224, 224, 3), dtype=float32)
The model predict class 1
pred_load_jpg
tf.Tensor(
[[[[147. 148. 150.]
   [148. 149. 151.]
   [147. 148. 150.]
   ...
   [158. 156. 159.]
   [156. 156. 158.]
   [156. 156. 158.]]

  [[146. 147. 149.]
   [146. 147. 149.]
   [146. 147. 149.]
   ...
   [157. 155. 158.]
   [155. 155. 157.]
   [155. 155. 157.]]

  [[146. 147. 149.]
   [146. 147. 149.]
   [146. 147. 149.]
   ...
   [156. 156. 158.]
   [155. 155. 157.]
   [154. 154. 156.]]

  ...

  [[194.  42.  18.]
   [196.  44.  20.]
   [201.  50.  23.]
   ...
   [253. 123. 133.]
   [255. 128. 137.]
   [254. 127. 136.]]

  [[197.  43.  19.]
   [199.  45.  21.]
   [203.  49.  23.]
   ...
   [251. 114. 122.]
   [255. 120. 132.]
   [255. 123. 134.]]

  [[195.  41.  17.]
   [197.  43.  19.]
   [202.  48.  22.]
   ...
   [246. 109. 117.]
   [252. 116. 128.]
   [255. 120. 132.]]]], shape=(1, 224, 224, 3), dtype=float32)
pred_no_load_img
tf.Tensor(
[[[[148. 147. 150.]
   [148. 148. 150.]
   [148. 147. 150.]
   ...
   [157. 156. 159.]
   [156. 156. 158.]
   [156. 156. 158.]]

  [[147. 146. 149.]
   [147. 146. 149.]
   [148. 147. 150.]
   ...
   [156. 155. 158.]
   [155. 154. 157.]
   [155. 154. 157.]]

  [[145. 147. 147.]
   [146. 147. 148.]
   [146. 147. 148.]
   ...
   [156. 156. 158.]
   [155. 155. 157.]
   [155. 154. 157.]]

  ...

  [[194.  43.  19.]
   [199.  47.  20.]
   [202.  50.  21.]
   ...
   [255. 121. 131.]
   [255. 124. 135.]
   [255. 126. 139.]]

  [[196.  43.  19.]
   [201.  48.  21.]
   [203.  50.  21.]
   ...
   [254. 116. 128.]
   [255. 120. 132.]
   [255. 124. 137.]]

  [[195.  42.  19.]
   [200.  45.  21.]
   [203.  46.  21.]
   ...
   [250. 109. 118.]
   [253. 112. 122.]
   [255. 119. 130.]]]], shape=(1, 224, 224, 3), dtype=float32)
The model predict class 1
pred_load_jpg
tf.Tensor(
[[[[116. 116. 114.]
   [118. 118. 116.]
   [111. 111. 109.]
   ...
   [148. 148. 150.]
   [148. 149. 151.]
   [149. 150. 152.]]

  [[115. 115. 113.]
   [112. 112. 110.]
   [101. 101.  99.]
   ...
   [149. 149. 151.]
   [148. 149. 151.]
   [148. 149. 151.]]

  [[121. 121. 119.]
   [114. 114. 112.]
   [110. 110. 108.]
   ...
   [150. 150. 152.]
   [147. 148. 150.]
   [147. 148. 150.]]

  ...

  [[197.  43.  19.]
   [194.  40.  16.]
   [188.  38.  14.]
   ...
   [255.  99.  87.]
   [255.  99.  87.]
   [255.  99.  87.]]

  [[194.  42.  18.]
   [193.  41.  17.]
   [189.  39.  15.]
   ...
   [255.  99.  87.]
   [254. 100.  88.]
   [255. 101.  89.]]

  [[195.  43.  19.]
   [194.  42.  18.]
   [185.  35.  11.]
   ...
   [255.  99.  87.]
   [254. 100.  88.]
   [255. 102.  90.]]]], shape=(1, 224, 224, 3), dtype=float32)
pred_no_load_img
tf.Tensor(
[[[[115. 118. 114.]
   [114. 116. 113.]
   [108. 111. 107.]
   ...
   [151. 148. 151.]
   [148. 149. 150.]
   [147. 152. 150.]]

  [[114. 117. 114.]
   [106. 108. 106.]
   [104. 104. 104.]
   ...
   [151. 148. 151.]
   [148. 149. 150.]
   [146. 151. 149.]]

  [[120. 120. 120.]
   [110. 111. 111.]
   [108. 108. 110.]
   ...
   [150. 149. 151.]
   [148. 147. 150.]
   [147. 148. 150.]]

  ...

  [[197.  42.  19.]
   [191.  38.  15.]
   [188.  37.  14.]
   ...
   [255.  99.  88.]
   [255.  99.  87.]
   [255.  98.  86.]]

  [[194.  43.  19.]
   [192.  40.  17.]
   [189.  37.  16.]
   ...
   [255.  98.  86.]
   [255.  99.  86.]
   [255. 101.  89.]]

  [[195.  42.  18.]
   [192.  39.  17.]
   [189.  36.  15.]
   ...
   [255.  99.  88.]
   [255.  99.  87.]
   [255. 101.  90.]]]], shape=(1, 224, 224, 3), dtype=float32)
The model predict class 2
pred_load_jpg
tf.Tensor(
[[[[136. 138. 133.]
   [140. 142. 137.]
   [138. 140. 135.]
   ...
   [150. 148. 149.]
   [151. 149. 152.]
   [151. 149. 152.]]

  [[140. 142. 137.]
   [137. 139. 134.]
   [136. 138. 133.]
   ...
   [148. 148. 148.]
   [148. 148. 150.]
   [147. 147. 149.]]

  [[139. 141. 136.]
   [136. 138. 133.]
   [136. 138. 133.]
   ...
   [148. 148. 148.]
   [148. 148. 150.]
   [148. 148. 150.]]

  ...

  [[210.  45.  13.]
   [202.  37.   9.]
   [198.  34.   7.]
   ...
   [248.  78.  61.]
   [245.  72.  55.]
   [236.  59.  39.]]

  [[208.  45.  14.]
   [202.  38.  10.]
   [197.  36.   8.]
   ...
   [250.  80.  65.]
   [247.  74.  57.]
   [239.  62.  44.]]

  [[207.  48.  18.]
   [203.  45.  18.]
   [201.  43.  18.]
   ...
   [249.  75.  64.]
   [251.  73.  61.]
   [245.  63.  49.]]]], shape=(1, 224, 224, 3), dtype=float32)
pred_no_load_img
tf.Tensor(
[[[[136. 138. 135.]
   [138. 141. 137.]
   [137. 140. 136.]
   ...
   [151. 148. 149.]
   [152. 149. 151.]
   [151. 148. 151.]]

  [[140. 142. 138.]
   [139. 142. 138.]
   [137. 139. 135.]
   ...
   [149. 147. 149.]
   [150. 147. 150.]
   [149. 146. 150.]]

  [[137. 141. 137.]
   [136. 139. 135.]
   [136. 139. 133.]
   ...
   [148. 145. 149.]
   [148. 146. 149.]
   [150. 147. 150.]]

  ...

  [[208.  44.  17.]
   [201.  40.   8.]
   [196.  37.   6.]
   ...
   [249.  76.  59.]
   [243.  69.  50.]
   [237.  63.  42.]]

  [[204.  45.  16.]
   [201.  43.  12.]
   [195.  38.   6.]
   ...
   [252.  75.  59.]
   [248.  70.  54.]
   [242.  64.  45.]]

  [[205.  46.  18.]
   [202.  43.  12.]
   [200.  43.  13.]
   ...
   [254.  74.  63.]
   [251.  71.  58.]
   [244.  64.  50.]]]], shape=(1, 224, 224, 3), dtype=float32)
The model predict class 2
pred_load_jpg
tf.Tensor(
[[[[143. 143. 141.]
   [142. 142. 140.]
   [141. 143. 140.]
   ...
   [140. 142. 141.]
   [140. 140. 140.]
   [141. 141. 141.]]

  [[142. 142. 140.]
   [141. 141. 139.]
   [141. 143. 140.]
   ...
   [142. 144. 143.]
   [143. 143. 143.]
   [143. 143. 143.]]

  [[143. 143. 141.]
   [144. 144. 142.]
   [144. 146. 143.]
   ...
   [145. 147. 146.]
   [144. 144. 144.]
   [144. 144. 144.]]

  ...

  [[199.  39.  17.]
   [194.  35.  13.]
   [183.  28.   6.]
   ...
   [246.  79.  63.]
   [244.  73.  56.]
   [241.  70.  53.]]

  [[188.  29.  10.]
   [188.  29.  10.]
   [178.  26.   5.]
   ...
   [254.  86.  75.]
   [247.  75.  61.]
   [247.  75.  61.]]

  [[183.  24.   5.]
   [184.  27.   8.]
   [179.  27.   6.]
   ...
   [255.  89.  77.]
   [245.  73.  61.]
   [248.  76.  62.]]]], shape=(1, 224, 224, 3), dtype=float32)
pred_no_load_img
tf.Tensor(
[[[[142. 143. 140.]
   [141. 141. 139.]
   [142. 142. 140.]
   ...
   [141. 141. 141.]
   [140. 140. 140.]
   [141. 141. 141.]]

  [[142. 142. 140.]
   [142. 142. 140.]
   [143. 143. 141.]
   ...
   [144. 144. 144.]
   [144. 144. 144.]
   [144. 144. 144.]]

  [[143. 144. 141.]
   [143. 144. 141.]
   [144. 145. 142.]
   ...
   [146. 146. 146.]
   [144. 144. 144.]
   [144. 144. 144.]]

  ...

  [[200.  35.  15.]
   [193.  33.  11.]
   [183.  28.   3.]
   ...
   [248.  78.  63.]
   [245.  74.  57.]
   [241.  71.  52.]]

  [[188.  29.  10.]
   [185.  28.   8.]
   [180.  27.   4.]
   ...
   [251.  82.  70.]
   [247.  76.  63.]
   [246.  75.  61.]]

  [[183.  24.   9.]
   [183.  27.   9.]
   [178.  26.   4.]
   ...
   [253.  84.  78.]
   [246.  76.  65.]
   [244.  76.  60.]]]], shape=(1, 224, 224, 3), dtype=float32)
The model predict class 2
pred_load_jpg
tf.Tensor(
[[[[143. 145. 142.]
   [144. 146. 143.]
   [143. 145. 142.]
   ...
   [144. 144. 144.]
   [144. 144. 144.]
   [143. 143. 143.]]

  [[143. 145. 142.]
   [144. 146. 143.]
   [144. 146. 143.]
   ...
   [144. 144. 144.]
   [144. 144. 144.]
   [143. 143. 143.]]

  [[145. 147. 144.]
   [145. 147. 144.]
   [144. 146. 143.]
   ...
   [145. 145. 145.]
   [144. 144. 144.]
   [144. 144. 144.]]

  ...

  [[204.  42.  19.]
   [202.  42.  20.]
   [191.  36.  18.]
   ...
   [255.  92.  83.]
   [251.  84.  75.]
   [245.  78.  69.]]

  [[204.  42.  19.]
   [196.  36.  14.]
   [185.  30.  12.]
   ...
   [254.  91.  82.]
   [254.  87.  79.]
   [251.  84.  75.]]

  [[201.  39.  16.]
   [192.  32.  10.]
   [182.  26.  11.]
   ...
   [255.  92.  85.]
   [255.  88.  80.]
   [252.  85.  77.]]]], shape=(1, 224, 224, 3), dtype=float32)
pred_no_load_img
tf.Tensor(
[[[[142. 144. 141.]
   [143. 146. 142.]
   [143. 146. 142.]
   ...
   [144. 144. 144.]
   [144. 144. 144.]
   [143. 143. 143.]]

  [[143. 146. 142.]
   [143. 146. 142.]
   [143. 145. 141.]
   ...
   [144. 144. 144.]
   [144. 144. 144.]
   [143. 143. 143.]]

  [[144. 147. 141.]
   [144. 146. 143.]
   [143. 146. 142.]
   ...
   [144. 144. 144.]
   [144. 144. 144.]
   [144. 144. 144.]]

  ...

  [[203.  41.  18.]
   [200.  40.  17.]
   [191.  35.  18.]
   ...
   [255.  94.  80.]
   [251.  86.  76.]
   [246.  79.  67.]]

  [[204.  40.  18.]
   [198.  35.  14.]
   [187.  31.  15.]
   ...
   [255.  91.  82.]
   [253.  87.  79.]
   [251.  84.  73.]]

  [[201.  37.  17.]
   [192.  29.   9.]
   [184.  28.  13.]
   ...
   [255.  93.  85.]
   [255.  89.  83.]
   [252.  85.  76.]]]], shape=(1, 224, 224, 3), dtype=float32)
The model predict class 1
pred_load_jpg
tf.Tensor(
[[[[145. 147. 144.]
   [144. 146. 143.]
   [144. 146. 143.]
   ...
   [145. 145. 145.]
   [144. 144. 144.]
   [143. 143. 143.]]

  [[144. 146. 143.]
   [144. 146. 143.]
   [145. 147. 144.]
   ...
   [145. 145. 145.]
   [145. 145. 145.]
   [144. 144. 144.]]

  [[145. 147. 144.]
   [145. 147. 144.]
   [145. 147. 144.]
   ...
   [145. 145. 145.]
   [144. 144. 144.]
   [144. 144. 144.]]

  ...

  [[211.  47.  22.]
   [206.  44.  21.]
   [195.  38.  19.]
   ...
   [255.  93.  82.]
   [252.  85.  76.]
   [250.  83.  74.]]

  [[205.  40.  18.]
   [203.  41.  18.]
   [184.  27.   8.]
   ...
   [255.  94.  83.]
   [254.  87.  78.]
   [252.  85.  76.]]

  [[203.  38.  16.]
   [201.  39.  16.]
   [183.  26.   7.]
   ...
   [255.  93.  84.]
   [255.  88.  80.]
   [253.  86.  78.]]]], shape=(1, 224, 224, 3), dtype=float32)
pred_no_load_img
tf.Tensor(
[[[[143. 146. 142.]
   [143. 146. 142.]
   [143. 146. 142.]
   ...
   [145. 145. 145.]
   [144. 144. 144.]
   [143. 143. 143.]]

  [[143. 146. 142.]
   [143. 146. 142.]
   [144. 147. 143.]
   ...
   [145. 145. 145.]
   [145. 145. 145.]
   [144. 144. 144.]]

  [[144. 147. 143.]
   [144. 147. 144.]
   [144. 147. 143.]
   ...
   [144. 144. 144.]
   [144. 144. 144.]
   [144. 144. 144.]]

  ...

  [[206.  44.  21.]
   [203.  42.  18.]
   [195.  36.  17.]
   ...
   [254.  92.  81.]
   [253.  87.  81.]
   [251.  83.  76.]]

  [[204.  39.  18.]
   [200.  38.  15.]
   [183.  27.   9.]
   ...
   [255.  92.  82.]
   [254.  90.  80.]
   [252.  85.  76.]]

  [[204.  39.  18.]
   [202.  38.  17.]
   [184.  29.  11.]
   ...
   [255.  93.  85.]
   [254.  90.  83.]
   [252.  87.  79.]]]], shape=(1, 224, 224, 3), dtype=float32)
The model predict class 1
pred_load_jpg
tf.Tensor(
[[[[142. 144. 141.]
   [143. 145. 142.]
   [143. 145. 142.]
   ...
   [144. 144. 144.]
   [144. 144. 144.]
   [144. 144. 144.]]

  [[143. 145. 142.]
   [144. 146. 143.]
   [145. 147. 144.]
   ...
   [144. 144. 144.]
   [144. 144. 144.]
   [144. 144. 144.]]

  [[146. 148. 145.]
   [145. 147. 144.]
   [145. 147. 144.]
   ...
   [143. 143. 141.]
   [144. 144. 144.]
   [143. 143. 143.]]

  ...

  [[210.  43.  24.]
   [207.  42.  22.]
   [202.  40.  19.]
   ...
   [255.  90.  76.]
   [253.  85.  72.]
   [253.  83.  70.]]

  [[209.  42.  23.]
   [209.  44.  24.]
   [192.  31.  11.]
   ...
   [255.  91.  79.]
   [254.  86.  75.]
   [255.  84.  74.]]

  [[209.  42.  23.]
   [209.  44.  24.]
   [188.  27.   7.]
   ...
   [255.  91.  79.]
   [255.  87.  76.]
   [255.  85.  75.]]]], shape=(1, 224, 224, 3), dtype=float32)
pred_no_load_img
tf.Tensor(
[[[[142. 144. 141.]
   [142. 144. 141.]
   [143. 146. 141.]
   ...
   [144. 144. 144.]
   [144. 144. 144.]
   [144. 144. 144.]]

  [[143. 146. 142.]
   [144. 147. 144.]
   [144. 147. 144.]
   ...
   [143. 143. 143.]
   [144. 144. 144.]
   [144. 144. 144.]]

  [[144. 147. 143.]
   [144. 147. 143.]
   [144. 147. 143.]
   ...
   [143. 143. 143.]
   [144. 144. 144.]
   [143. 143. 143.]]

  ...

  [[210.  43.  24.]
   [208.  40.  22.]
   [202.  39.  17.]
   ...
   [255.  88.  77.]
   [254.  87.  72.]
   [251.  83.  66.]]

  [[209.  42.  24.]
   [208.  40.  23.]
   [199.  37.  15.]
   ...
   [254.  88.  81.]
   [254.  86.  77.]
   [253.  84.  72.]]

  [[209.  42.  22.]
   [206.  38.  24.]
   [191.  29.  11.]
   ...
   [255.  90.  81.]
   [255.  88.  79.]
   [254.  84.  75.]]]], shape=(1, 224, 224, 3), dtype=float32)
The model predict class 1
pred_load_jpg
tf.Tensor(
[[[[141. 143. 140.]
   [142. 144. 141.]
   [141. 143. 140.]
   ...
   [144. 144. 144.]
   [143. 143. 143.]
   [144. 144. 144.]]

  [[141. 143. 140.]
   [142. 144. 141.]
   [143. 145. 142.]
   ...
   [145. 145. 145.]
   [144. 144. 144.]
   [145. 145. 145.]]

  [[140. 142. 139.]
   [142. 144. 141.]
   [144. 146. 143.]
   ...
   [144. 144. 144.]
   [145. 145. 145.]
   [146. 146. 146.]]

  ...

  [[210.  44.  20.]
   [209.  43.  19.]
   [203.  38.  16.]
   ...
   [255.  90.  71.]
   [249.  82.  63.]
   [245.  78.  59.]]

  [[212.  43.  22.]
   [212.  43.  22.]
   [198.  33.  13.]
   ...
   [254.  89.  69.]
   [248.  82.  60.]
   [245.  79.  57.]]

  [[213.  44.  23.]
   [211.  42.  21.]
   [195.  30.  10.]
   ...
   [254.  87.  68.]
   [245.  79.  57.]
   [242.  76.  52.]]]], shape=(1, 224, 224, 3), dtype=float32)
pred_no_load_img
tf.Tensor(
[[[[140. 143. 140.]
   [141. 143. 140.]
   [141. 143. 140.]
   ...
   [144. 144. 144.]
   [143. 143. 143.]
   [144. 144. 144.]]

  [[140. 142. 140.]
   [142. 145. 141.]
   [143. 145. 142.]
   ...
   [145. 145. 145.]
   [144. 144. 144.]
   [146. 146. 146.]]

  [[140. 144. 138.]
   [142. 145. 141.]
   [143. 146. 142.]
   ...
   [145. 145. 145.]
   [145. 145. 145.]
   [145. 145. 145.]]

  ...

  [[211.  44.  24.]
   [207.  41.  22.]
   [203.  38.  18.]
   ...
   [253.  89.  71.]
   [250.  84.  65.]
   [244.  78.  57.]]

  [[209.  44.  22.]
   [207.  41.  21.]
   [201.  35.  15.]
   ...
   [255.  89.  69.]
   [251.  85.  63.]
   [245.  80.  57.]]

  [[210.  43.  21.]
   [205.  38.  18.]
   [197.  29.  11.]
   ...
   [254.  88.  65.]
   [247.  81.  57.]
   [243.  77.  52.]]]], shape=(1, 224, 224, 3), dtype=float32)
The model predict class 1
pred_load_jpg
tf.Tensor(
[[[[141. 141. 139.]
   [142. 142. 140.]
   [142. 142. 140.]
   ...
   [139. 141. 138.]
   [140. 142. 139.]
   [141. 141. 141.]]

  [[141. 141. 139.]
   [141. 141. 139.]
   [141. 141. 139.]
   ...
   [141. 143. 140.]
   [142. 144. 141.]
   [143. 143. 143.]]

  [[143. 143. 141.]
   [143. 143. 141.]
   [144. 144. 142.]
   ...
   [143. 145. 142.]
   [145. 145. 145.]
   [145. 145. 145.]]

  ...

  [[193.  38.  20.]
   [179.  26.  10.]
   [188.  38.  24.]
   ...
   [242.  82.  60.]
   [239.  79.  57.]
   [237.  75.  54.]]

  [[180.  24.   9.]
   [177.  21.   6.]
   [196.  44.  33.]
   ...
   [241.  79.  58.]
   [239.  77.  54.]
   [238.  76.  53.]]

  [[181.  26.   8.]
   [177.  21.   6.]
   [198.  44.  32.]
   ...
   [242.  77.  57.]
   [239.  77.  54.]
   [238.  76.  53.]]]], shape=(1, 224, 224, 3), dtype=float32)
pred_no_load_img
tf.Tensor(
[[[[140. 143. 140.]
   [141. 142. 140.]
   [142. 142. 140.]
   ...
   [140. 142. 142.]
   [139. 142. 141.]
   [141. 141. 141.]]

  [[140. 143. 140.]
   [141. 142. 140.]
   [142. 143. 140.]
   ...
   [141. 143. 142.]
   [141. 143. 142.]
   [143. 144. 143.]]

  [[141. 144. 140.]
   [142. 144. 141.]
   [143. 144. 141.]
   ...
   [143. 145. 144.]
   [143. 145. 144.]
   [145. 145. 145.]]

  ...

  [[191.  32.  13.]
   [179.  23.   5.]
   [183.  32.  17.]
   ...
   [244.  81.  58.]
   [242.  79.  53.]
   [239.  76.  53.]]

  [[184.  26.   9.]
   [177.  22.   5.]
   [189.  37.  22.]
   ...
   [242.  79.  58.]
   [241.  78.  55.]
   [240.  77.  56.]]

  [[181.  24.   8.]
   [180.  25.  11.]
   [191.  40.  27.]
   ...
   [241.  78.  57.]
   [242.  77.  55.]
   [238.  75.  53.]]]], shape=(1, 224, 224, 3), dtype=float32)
The model predict class 1
pred_load_jpg
tf.Tensor(
[[[[141. 143. 140.]
   [142. 144. 141.]
   [144. 146. 143.]
   ...
   [147. 147. 145.]
   [145. 145. 145.]
   [144. 144. 144.]]

  [[142. 144. 141.]
   [143. 145. 142.]
   [144. 146. 143.]
   ...
   [146. 146. 144.]
   [144. 144. 144.]
   [143. 143. 143.]]

  [[143. 145. 142.]
   [143. 145. 142.]
   [143. 145. 142.]
   ...
   [145. 145. 143.]
   [145. 145. 145.]
   [145. 145. 145.]]

  ...

  [[208.  44.  19.]
   [201.  39.  16.]
   [187.  32.  10.]
   ...
   [251.  85.  71.]
   [244.  77.  59.]
   [240.  73.  55.]]

  [[204.  40.  15.]
   [199.  37.  14.]
   [187.  32.  12.]
   ...
   [249.  83.  69.]
   [241.  74.  58.]
   [237.  70.  52.]]

  [[201.  36.  14.]
   [193.  31.   8.]
   [181.  26.   6.]
   ...
   [251.  85.  71.]
   [244.  77.  61.]
   [240.  73.  57.]]]], shape=(1, 224, 224, 3), dtype=float32)
pred_no_load_img
tf.Tensor(
[[[[142. 145. 139.]
   [142. 145. 141.]
   [143. 146. 142.]
   ...
   [147. 147. 145.]
   [146. 146. 146.]
   [144. 144. 144.]]

  [[142. 145. 139.]
   [142. 145. 141.]
   [143. 146. 142.]
   ...
   [145. 146. 143.]
   [145. 145. 145.]
   [144. 144. 144.]]

  [[143. 146. 140.]
   [144. 146. 141.]
   [142. 145. 141.]
   ...
   [144. 145. 142.]
   [145. 145. 145.]
   [144. 144. 144.]]

  ...

  [[204.  45.  14.]
   [201.  38.  14.]
   [186.  35.  12.]
   ...
   [248.  84.  69.]
   [246.  78.  64.]
   [241.  73.  53.]]

  [[206.  41.  14.]
   [203.  37.  16.]
   [186.  34.  12.]
   ...
   [248.  83.  69.]
   [245.  76.  62.]
   [238.  70.  51.]]

  [[202.  35.  10.]
   [195.  27.  12.]
   [182.  28.  10.]
   ...
   [249.  84.  71.]
   [247.  78.  67.]
   [241.  73.  55.]]]], shape=(1, 224, 224, 3), dtype=float32)
The model predict class 1
pred_load_jpg
tf.Tensor(
[[[[141. 143. 140.]
   [141. 143. 140.]
   [141. 143. 140.]
   ...
   [142. 142. 142.]
   [141. 141. 141.]
   [141. 141. 141.]]

  [[140. 142. 139.]
   [140. 142. 139.]
   [141. 143. 140.]
   ...
   [143. 143. 143.]
   [142. 142. 142.]
   [142. 142. 142.]]

  [[141. 143. 140.]
   [141. 143. 140.]
   [141. 143. 140.]
   ...
   [145. 145. 145.]
   [145. 145. 145.]
   [145. 145. 145.]]

  ...

  [[199.  41.  12.]
   [186.  31.   3.]
   [181.  27.   3.]
   ...
   [241.  74.  56.]
   [241.  72.  51.]
   [237.  68.  47.]]

  [[192.  37.   9.]
   [181.  26.   0.]
   [176.  24.   0.]
   ...
   [244.  77.  61.]
   [243.  72.  54.]
   [240.  69.  49.]]

  [[197.  42.  14.]
   [187.  32.   4.]
   [177.  25.   1.]
   ...
   [241.  74.  58.]
   [237.  66.  48.]
   [232.  61.  41.]]]], shape=(1, 224, 224, 3), dtype=float32)
pred_no_load_img
tf.Tensor(
[[[[140. 143. 140.]
   [140. 143. 140.]
   [140. 143. 140.]
   ...
   [142. 142. 142.]
   [142. 142. 142.]
   [141. 141. 141.]]

  [[139. 142. 138.]
   [139. 142. 139.]
   [140. 142. 140.]
   ...
   [143. 143. 143.]
   [143. 143. 143.]
   [143. 143. 143.]]

  [[141. 143. 140.]
   [139. 142. 139.]
   [141. 143. 141.]
   ...
   [145. 145. 145.]
   [145. 145. 145.]
   [145. 145. 145.]]

  ...

  [[202.  38.   6.]
   [185.  28.   2.]
   [179.  26.   3.]
   ...
   [240.  74.  56.]
   [237.  70.  50.]
   [240.  68.  45.]]

  [[198.  34.   3.]
   [181.  25.   1.]
   [177.  25.   3.]
   ...
   [241.  74.  58.]
   [241.  72.  53.]
   [240.  69.  47.]]

  [[199.  36.   8.]
   [183.  29.   5.]
   [177.  26.   3.]
   ...
   [241.  73.  56.]
   [236.  67.  46.]
   [235.  64.  41.]]]], shape=(1, 224, 224, 3), dtype=float32)
The model predict class 2
pred_load_jpg
tf.Tensor(
[[[[141. 143. 140.]
   [141. 143. 140.]
   [141. 143. 140.]
   ...
   [143. 143. 143.]
   [143. 143. 143.]
   [142. 142. 142.]]

  [[142. 144. 141.]
   [141. 143. 140.]
   [141. 143. 140.]
   ...
   [142. 142. 142.]
   [143. 143. 143.]
   [142. 142. 142.]]

  [[141. 143. 140.]
   [141. 143. 140.]
   [142. 144. 141.]
   ...
   [144. 144. 144.]
   [146. 146. 146.]
   [146. 146. 146.]]

  ...

  [[208.  52.  27.]
   [219.  63.  38.]
   [223.  65.  38.]
   ...
   [237.  72.  53.]
   [234.  69.  50.]
   [234.  69.  50.]]

  [[210.  51.  29.]
   [226.  67.  45.]
   [227.  69.  44.]
   ...
   [238.  71.  53.]
   [238.  71.  52.]
   [238.  71.  52.]]

  [[213.  52.  32.]
   [227.  67.  45.]
   [229.  69.  47.]
   ...
   [239.  72.  53.]
   [238.  71.  52.]
   [237.  70.  51.]]]], shape=(1, 224, 224, 3), dtype=float32)
pred_no_load_img
tf.Tensor(
[[[[142. 142. 140.]
   [140. 143. 140.]
   [140. 143. 140.]
   ...
   [143. 143. 143.]
   [143. 143. 143.]
   [142. 142. 142.]]

  [[143. 144. 141.]
   [140. 143. 140.]
   [140. 143. 140.]
   ...
   [142. 142. 142.]
   [143. 143. 143.]
   [143. 143. 143.]]

  [[143. 144. 141.]
   [142. 144. 140.]
   [142. 144. 140.]
   ...
   [144. 144. 144.]
   [145. 145. 145.]
   [145. 145. 145.]]

  ...

  [[210.  52.  30.]
   [224.  63.  42.]
   [227.  65.  43.]
   ...
   [237.  71.  53.]
   [235.  69.  51.]
   [236.  69.  51.]]

  [[210.  53.  31.]
   [227.  67.  46.]
   [227.  67.  45.]
   ...
   [237.  72.  51.]
   [239.  71.  52.]
   [238.  70.  51.]]

  [[213.  54.  36.]
   [228.  68.  47.]
   [229.  69.  48.]
   ...
   [238.  73.  53.]
   [239.  72.  52.]
   [237.  69.  51.]]]], shape=(1, 224, 224, 3), dtype=float32)
The model predict class 2
pred_load_jpg
tf.Tensor(
[[[[118. 118. 116.]
   [109. 109. 107.]
   [108. 108. 106.]
   ...
   [146. 151. 147.]
   [146. 151. 147.]
   [146. 148. 145.]]

  [[120. 120. 118.]
   [120. 120. 118.]
   [112. 112. 110.]
   ...
   [146. 150. 149.]
   [146. 150. 149.]
   [149. 151. 150.]]

  [[126. 126. 124.]
   [128. 128. 126.]
   [121. 121. 119.]
   ...
   [145. 149. 148.]
   [145. 149. 148.]
   [148. 150. 149.]]

  ...

  [[188.  27.   7.]
   [195.  37.  12.]
   [199.  45.  17.]
   ...
   [221.  44.  10.]
   [217.  45.   9.]
   [212.  42.   6.]]

  [[188.  29.   8.]
   [200.  44.  19.]
   [205.  51.  23.]
   ...
   [219.  42.   8.]
   [216.  42.   7.]
   [216.  47.   8.]]

  [[193.  39.  13.]
   [199.  47.  23.]
   [201.  49.  25.]
   ...
   [222.  42.   7.]
   [220.  46.   9.]
   [216.  47.   8.]]]], shape=(1, 224, 224, 3), dtype=float32)
pred_no_load_img
tf.Tensor(
[[[[116. 119. 116.]
   [110. 112. 109.]
   [106. 109. 105.]
   ...
   [147. 150. 149.]
   [147. 150. 149.]
   [145. 148. 147.]]

  [[119. 122. 119.]
   [117. 120. 116.]
   [107. 110. 107.]
   ...
   [147. 150. 149.]
   [147. 150. 149.]
   [147. 149. 149.]]

  [[123. 125. 122.]
   [125. 128. 125.]
   [120. 123. 120.]
   ...
   [146. 149. 148.]
   [147. 149. 148.]
   [147. 150. 149.]]

  ...

  [[186.  29.   5.]
   [192.  36.  10.]
   [202.  47.  19.]
   ...
   [219.  45.   7.]
   [214.  42.   5.]
   [213.  43.   5.]]

  [[189.  35.   7.]
   [194.  40.  13.]
   [200.  47.  20.]
   ...
   [218.  43.   5.]
   [216.  45.   6.]
   [216.  48.   9.]]

  [[191.  40.  15.]
   [198.  45.  21.]
   [202.  49.  26.]
   ...
   [221.  43.   9.]
   [219.  44.   9.]
   [218.  47.   8.]]]], shape=(1, 224, 224, 3), dtype=float32)
The model predict class 1
